X,Naering,Kjonn,Alder,ContentsCode,Aar,Haugesund,Sauda,Bokn,Tysvaer,Karmoey,Utsira,Vindafjord,tot_H,Etne
1,00-99,0,15-74,SysselsatteArb,2008,21322,2136,297,4048,15194,111,4422,47530,0
2,00-99,0,15-74,SysselsatteArb,2009,21160,2176,296,4160,14666,105,4450,47013,0
3,00-99,0,15-74,SysselsatteArb,2010,21233,2180,291,4232,14591,105,4544,47176,0
4,00-99,0,15-74,SysselsatteArb,2011,21734,2131,293,4475,14781,114,4748,48276,0
5,00-99,0,15-74,SysselsatteArb,2012,21986,2100,317,4423,14989,108,4785,48708,0
6,00-99,0,15-74,SysselsatteArb,2013,22143,2048,327,4281,15239,103,4870,49011,0
7,00-99,0,15-74,SysselsatteArb,2014,22190,2073,327,4329,15457,105,5037,49518,0
8,00-99,0,15-74,SysselsatteArb,2015,21328,1977,301,4304,15066,96,4971,48043,0
9,00-99,0,15-74,SysselsatteArb,2016,21056,1951,306,4314,15287,94,4915,47923,0
10,00-99,0,15-74,SysselsatteArb,2017,21372,1956,311,4576,15728,99,4915,48957,0
11,00-99,0,15-74,SysselsatteArb,2018,21346,1937,291,4620,15866,90,4814,48964,0
12,00-99,0,15-74,SysselsatteArb,2019,21429,1945,327,4710,15978,88,4818,49295,0
13,00-99,0,15-74,SysselsatteArb,2020,20852,1970,323,4773,16059,96,4898,48971,1613
14,01-03,0,15-74,SysselsatteArb,2008,74,36,51,298,472,9,678,1618,0
15,01-03,0,15-74,SysselsatteArb,2009,67,43,59,282,462,6,658,1577,0
16,01-03,0,15-74,SysselsatteArb,2010,72,36,54,270,447,9,649,1537,0
17,01-03,0,15-74,SysselsatteArb,2011,66,36,67,239,378,9,684,1479,0
18,01-03,0,15-74,SysselsatteArb,2012,69,39,52,219,369,6,623,1377,0
19,01-03,0,15-74,SysselsatteArb,2013,71,36,57,209,357,3,571,1304,0
20,01-03,0,15-74,SysselsatteArb,2014,70,33,49,190,337,6,571,1256,0
21,01-03,0,15-74,SysselsatteArb,2015,80,25,56,196,340,6,627,1330,0
22,01-03,0,15-74,SysselsatteArb,2016,67,26,61,194,367,6,633,1354,0
23,01-03,0,15-74,SysselsatteArb,2017,70,21,74,186,347,6,625,1329,0
24,01-03,0,15-74,SysselsatteArb,2018,65,28,65,182,358,6,608,1312,0
25,01-03,0,15-74,SysselsatteArb,2019,89,30,67,192,329,6,567,1280,0
26,01-03,0,15-74,SysselsatteArb,2020,83,26,67,204,338,6,578,1302,172
27,05-09,0,15-74,SysselsatteArb,2008,452,0,0,825,55,0,6,1338,0
28,05-09,0,15-74,SysselsatteArb,2009,455,0,0,872,134,0,6,1467,0
29,05-09,0,15-74,SysselsatteArb,2010,318,0,0,866,161,0,3,1348,0
30,05-09,0,15-74,SysselsatteArb,2011,335,0,0,850,172,0,3,1360,0
31,05-09,0,15-74,SysselsatteArb,2012,379,0,0,909,187,0,3,1478,0
32,05-09,0,15-74,SysselsatteArb,2013,404,0,0,859,209,0,0,1472,0
33,05-09,0,15-74,SysselsatteArb,2014,416,0,0,852,246,0,7,1521,0
34,05-09,0,15-74,SysselsatteArb,2015,417,0,0,820,194,0,3,1434,0
35,05-09,0,15-74,SysselsatteArb,2016,369,0,0,790,196,0,3,1358,0
36,05-09,0,15-74,SysselsatteArb,2017,402,0,0,797,263,0,3,1465,0
37,05-09,0,15-74,SysselsatteArb,2018,655,0,0,759,300,0,3,1717,0
38,05-09,0,15-74,SysselsatteArb,2019,685,0,0,757,307,0,3,1752,0
39,05-09,0,15-74,SysselsatteArb,2020,694,0,0,NA,291,0,NA,NA,13
40,10-33,0,15-74,SysselsatteArb,2008,2572,468,41,268,3357,0,785,7491,0
41,10-33,0,15-74,SysselsatteArb,2009,2570,429,40,270,2806,3,852,6970,0
42,10-33,0,15-74,SysselsatteArb,2010,2486,414,31,252,2571,0,901,6655,0
43,10-33,0,15-74,SysselsatteArb,2011,2600,395,31,252,2475,0,942,6695,0
44,10-33,0,15-74,SysselsatteArb,2012,2766,394,51,257,2408,3,974,6853,0
45,10-33,0,15-74,SysselsatteArb,2013,2805,401,54,241,2367,0,1009,6877,0
46,10-33,0,15-74,SysselsatteArb,2014,2682,408,54,220,2353,0,1050,6767,0
47,10-33,0,15-74,SysselsatteArb,2015,2371,383,36,320,2302,0,1098,6510,0
48,10-33,0,15-74,SysselsatteArb,2016,2196,345,43,390,2313,0,1035,6322,0
49,10-33,0,15-74,SysselsatteArb,2017,2110,345,37,476,2426,0,985,6379,0
50,10-33,0,15-74,SysselsatteArb,2018,2128,342,43,628,2419,0,828,6388,0
51,10-33,0,15-74,SysselsatteArb,2019,2171,360,52,617,2476,0,887,6563,0
52,10-33,0,15-74,SysselsatteArb,2020,2220,367,63,631,2470,0,887,6638,177
53,35-39,0,15-74,SysselsatteArb,2008,267,113,0,51,120,0,94,645,0
54,35-39,0,15-74,SysselsatteArb,2009,286,121,0,54,101,0,88,650,0
55,35-39,0,15-74,SysselsatteArb,2010,313,120,0,60,102,0,80,675,0
56,35-39,0,15-74,SysselsatteArb,2011,325,124,0,67,105,0,76,697,0
57,35-39,0,15-74,SysselsatteArb,2012,335,138,0,61,107,0,74,715,0
58,35-39,0,15-74,SysselsatteArb,2013,343,125,0,60,128,0,129,785,0
59,35-39,0,15-74,SysselsatteArb,2014,348,127,0,61,112,0,86,734,0
60,35-39,0,15-74,SysselsatteArb,2015,347,123,0,31,105,0,43,649,0
61,35-39,0,15-74,SysselsatteArb,2016,375,131,0,31,110,0,65,712,0
62,35-39,0,15-74,SysselsatteArb,2017,379,127,0,28,109,0,92,735,0
63,35-39,0,15-74,SysselsatteArb,2018,372,129,0,25,114,0,76,716,0
64,35-39,0,15-74,SysselsatteArb,2019,416,126,0,23,123,0,101,789,0
65,35-39,0,15-74,SysselsatteArb,2020,425,140,0,NA,133,0,101,NA,21
66,41-43,0,15-74,SysselsatteArb,2008,1263,176,11,346,1472,9,444,3721,0
67,41-43,0,15-74,SysselsatteArb,2009,1296,180,8,385,1442,11,473,3795,0
68,41-43,0,15-74,SysselsatteArb,2010,1226,177,7,394,1532,10,482,3828,0
69,41-43,0,15-74,SysselsatteArb,2011,1273,179,8,663,1682,9,484,4298,0
70,41-43,0,15-74,SysselsatteArb,2012,1211,190,8,480,1775,7,448,4119,0
71,41-43,0,15-74,SysselsatteArb,2013,1340,195,11,466,1876,13,465,4366,0
72,41-43,0,15-74,SysselsatteArb,2014,1294,195,11,450,1907,10,501,4368,0
73,41-43,0,15-74,SysselsatteArb,2015,1240,197,16,469,1811,12,511,4256,0
74,41-43,0,15-74,SysselsatteArb,2016,1179,207,13,467,1808,9,504,4187,0
75,41-43,0,15-74,SysselsatteArb,2017,1197,219,13,485,1907,6,544,4371,0
76,41-43,0,15-74,SysselsatteArb,2018,1252,210,12,500,1807,9,569,4359,0
77,41-43,0,15-74,SysselsatteArb,2019,1081,198,9,549,1891,3,555,4286,0
78,41-43,0,15-74,SysselsatteArb,2020,1002,206,9,510,1920,6,638,4291,242
79,45-47,0,15-74,SysselsatteArb,2008,3945,183,12,362,2026,3,494,7025,0
80,45-47,0,15-74,SysselsatteArb,2009,3810,189,13,363,1968,3,447,6793,0
81,45-47,0,15-74,SysselsatteArb,2010,3793,205,13,390,2080,6,437,6924,0
82,45-47,0,15-74,SysselsatteArb,2011,3814,189,15,390,2149,6,467,7030,0
83,45-47,0,15-74,SysselsatteArb,2012,3712,202,19,434,2144,6,510,7027,0
84,45-47,0,15-74,SysselsatteArb,2013,3670,182,13,415,2030,3,506,6819,0
85,45-47,0,15-74,SysselsatteArb,2014,3642,173,16,443,2005,3,497,6779,0
86,45-47,0,15-74,SysselsatteArb,2015,3295,170,15,438,1983,3,462,6366,0
87,45-47,0,15-74,SysselsatteArb,2016,3233,168,15,445,2001,6,450,6318,0
88,45-47,0,15-74,SysselsatteArb,2017,3235,164,12,454,1991,6,483,6345,0
89,45-47,0,15-74,SysselsatteArb,2018,3176,171,9,451,1951,3,515,6276,0
90,45-47,0,15-74,SysselsatteArb,2019,3006,158,10,445,1939,9,490,6057,0
91,45-47,0,15-74,SysselsatteArb,2020,2879,158,12,431,2020,NA,475,NA,186
92,49-53,0,15-74,SysselsatteArb,2008,1261,82,35,191,1402,26,213,3210,0
93,49-53,0,15-74,SysselsatteArb,2009,1249,82,27,181,1388,22,194,3143,0
94,49-53,0,15-74,SysselsatteArb,2010,1141,85,28,135,1424,22,207,3042,0
95,49-53,0,15-74,SysselsatteArb,2011,1174,93,21,137,1346,24,201,2996,0
96,49-53,0,15-74,SysselsatteArb,2012,1211,90,20,127,1365,20,195,3028,0
97,49-53,0,15-74,SysselsatteArb,2013,1046,70,24,130,1470,19,225,2984,0
98,49-53,0,15-74,SysselsatteArb,2014,1069,66,27,137,1495,21,231,3046,0
99,49-53,0,15-74,SysselsatteArb,2015,1067,64,26,135,1441,18,315,3066,0
100,49-53,0,15-74,SysselsatteArb,2016,1001,67,30,109,1362,19,309,2897,0
101,49-53,0,15-74,SysselsatteArb,2017,996,77,32,216,1407,20,304,3052,0
102,49-53,0,15-74,SysselsatteArb,2018,999,69,27,105,1431,17,288,2936,0
103,49-53,0,15-74,SysselsatteArb,2019,993,70,33,92,1430,20,269,2907,0
104,49-53,0,15-74,SysselsatteArb,2020,820,75,31,178,1443,25,259,2831,48
105,55-56,0,15-74,SysselsatteArb,2008,863,50,9,156,267,9,84,1438,0
106,55-56,0,15-74,SysselsatteArb,2009,774,52,6,163,255,3,120,1373,0
107,55-56,0,15-74,SysselsatteArb,2010,838,59,0,181,257,6,115,1456,0
108,55-56,0,15-74,SysselsatteArb,2011,833,56,0,124,281,3,141,1438,0
109,55-56,0,15-74,SysselsatteArb,2012,871,41,3,136,285,3,106,1445,0
110,55-56,0,15-74,SysselsatteArb,2013,939,46,3,126,336,7,71,1528,0
111,55-56,0,15-74,SysselsatteArb,2014,965,42,0,134,343,6,69,1559,0
112,55-56,0,15-74,SysselsatteArb,2015,827,48,3,89,259,3,19,1248,0
113,55-56,0,15-74,SysselsatteArb,2016,908,44,3,92,265,0,23,1335,0
114,55-56,0,15-74,SysselsatteArb,2017,924,55,3,92,265,3,21,1363,0
115,55-56,0,15-74,SysselsatteArb,2018,880,57,3,81,315,3,19,1358,0
116,55-56,0,15-74,SysselsatteArb,2019,898,59,0,88,280,0,23,1348,0
117,55-56,0,15-74,SysselsatteArb,2020,751,33,0,80,269,0,41,1174,51
118,58-63,0,15-74,SysselsatteArb,2008,405,18,0,11,136,0,168,738,0
119,58-63,0,15-74,SysselsatteArb,2009,400,18,0,12,146,0,161,737,0
120,58-63,0,15-74,SysselsatteArb,2010,429,14,0,104,157,0,171,875,0
121,58-63,0,15-74,SysselsatteArb,2011,439,14,0,105,133,0,209,900,0
122,58-63,0,15-74,SysselsatteArb,2012,450,14,0,117,160,0,199,940,0
123,58-63,0,15-74,SysselsatteArb,2013,458,18,0,100,158,0,191,925,0
124,58-63,0,15-74,SysselsatteArb,2014,477,21,3,88,135,0,144,868,0
125,58-63,0,15-74,SysselsatteArb,2015,463,24,3,50,141,0,182,863,0
126,58-63,0,15-74,SysselsatteArb,2016,474,11,0,40,155,0,208,888,0
127,58-63,0,15-74,SysselsatteArb,2017,483,12,0,62,163,0,127,847,0
128,58-63,0,15-74,SysselsatteArb,2018,530,12,3,60,180,0,135,920,0
129,58-63,0,15-74,SysselsatteArb,2019,577,15,3,101,186,0,145,1027,0
130,58-63,0,15-74,SysselsatteArb,2020,604,13,NA,115,194,0,149,NA,22
131,64-66,0,15-74,SysselsatteArb,2008,286,20,0,13,117,0,20,456,0
132,64-66,0,15-74,SysselsatteArb,2009,281,11,0,6,110,0,25,433,0
133,64-66,0,15-74,SysselsatteArb,2010,260,15,0,9,114,0,19,417,0
134,64-66,0,15-74,SysselsatteArb,2011,244,17,0,12,99,0,15,387,0
135,64-66,0,15-74,SysselsatteArb,2012,234,13,0,13,100,0,16,376,0
136,64-66,0,15-74,SysselsatteArb,2013,219,12,0,10,97,0,16,354,0
137,64-66,0,15-74,SysselsatteArb,2014,219,3,0,7,81,0,16,326,0
138,64-66,0,15-74,SysselsatteArb,2015,220,3,0,9,75,0,17,324,0
139,64-66,0,15-74,SysselsatteArb,2016,202,6,0,10,77,0,12,307,0
140,64-66,0,15-74,SysselsatteArb,2017,193,3,0,10,72,0,17,295,0
141,64-66,0,15-74,SysselsatteArb,2018,178,3,0,10,67,0,15,273,0
142,64-66,0,15-74,SysselsatteArb,2019,172,3,0,10,64,0,16,265,0
143,64-66,0,15-74,SysselsatteArb,2020,166,NA,0,7,75,0,NA,NA,NA
144,68-75,0,15-74,SysselsatteArb,2008,995,31,3,63,420,0,117,1629,0
145,68-75,0,15-74,SysselsatteArb,2009,1028,30,3,62,415,3,125,1666,0
146,68-75,0,15-74,SysselsatteArb,2010,1207,35,6,76,416,3,122,1865,0
147,68-75,0,15-74,SysselsatteArb,2011,1239,30,3,69,432,0,107,1880,0
148,68-75,0,15-74,SysselsatteArb,2012,1284,28,3,72,414,3,119,1923,0
149,68-75,0,15-74,SysselsatteArb,2013,1372,32,0,86,444,3,126,2063,0
150,68-75,0,15-74,SysselsatteArb,2014,1391,37,0,96,495,0,210,2229,0
151,68-75,0,15-74,SysselsatteArb,2015,1384,31,0,84,473,0,172,2144,0
152,68-75,0,15-74,SysselsatteArb,2016,1332,31,3,151,448,3,136,2104,0
153,68-75,0,15-74,SysselsatteArb,2017,1369,24,3,136,461,0,182,2175,0
154,68-75,0,15-74,SysselsatteArb,2018,1202,28,0,169,462,0,187,2048,0
155,68-75,0,15-74,SysselsatteArb,2019,1173,29,0,177,480,0,209,2068,0
156,68-75,0,15-74,SysselsatteArb,2020,1098,33,NA,153,487,NA,216,NA,39
157,77-82,0,15-74,SysselsatteArb,2008,1029,89,9,31,514,11,180,1863,0
158,77-82,0,15-74,SysselsatteArb,2009,867,75,6,34,445,12,175,1614,0
159,77-82,0,15-74,SysselsatteArb,2010,823,77,6,32,472,3,187,1600,0
160,77-82,0,15-74,SysselsatteArb,2011,886,76,3,70,563,17,225,1840,0
161,77-82,0,15-74,SysselsatteArb,2012,924,84,3,85,671,14,282,2063,0
162,77-82,0,15-74,SysselsatteArb,2013,890,75,6,138,628,13,274,2024,0
163,77-82,0,15-74,SysselsatteArb,2014,915,97,3,167,616,9,324,2131,0
164,77-82,0,15-74,SysselsatteArb,2015,678,63,9,169,586,6,162,1673,0
165,77-82,0,15-74,SysselsatteArb,2016,613,61,6,152,727,3,170,1732,0
166,77-82,0,15-74,SysselsatteArb,2017,752,65,6,169,810,6,168,1976,0
167,77-82,0,15-74,SysselsatteArb,2018,647,68,6,180,892,6,160,1959,0
168,77-82,0,15-74,SysselsatteArb,2019,765,67,3,180,861,6,157,2039,0
169,77-82,0,15-74,SysselsatteArb,2020,717,64,NA,202,883,3,163,NA,68
170,84,0,15-74,SysselsatteArb,2008,927,83,14,143,394,10,158,1729,0
171,84,0,15-74,SysselsatteArb,2009,968,94,15,153,367,6,151,1754,0
172,84,0,15-74,SysselsatteArb,2010,1022,95,14,145,379,13,166,1834,0
173,84,0,15-74,SysselsatteArb,2011,1020,105,21,163,390,7,177,1883,0
174,84,0,15-74,SysselsatteArb,2012,1068,95,16,165,448,9,181,1982,0
175,84,0,15-74,SysselsatteArb,2013,1094,93,18,160,466,6,186,2023,0
176,84,0,15-74,SysselsatteArb,2014,1152,89,17,164,474,9,196,2101,0
177,84,0,15-74,SysselsatteArb,2015,1080,89,15,134,427,9,184,1938,0
178,84,0,15-74,SysselsatteArb,2016,1121,96,13,142,476,6,187,2041,0
179,84,0,15-74,SysselsatteArb,2017,1114,94,16,134,469,6,184,2017,0
180,84,0,15-74,SysselsatteArb,2018,1122,88,12,139,437,6,188,1992,0
181,84,0,15-74,SysselsatteArb,2019,1276,86,21,129,476,6,194,2188,0
182,84,0,15-74,SysselsatteArb,2020,1157,97,18,143,481,6,177,2079,52
183,85,0,15-74,SysselsatteArb,2008,1422,209,32,353,1203,10,349,3578,0
184,85,0,15-74,SysselsatteArb,2009,1535,224,39,386,1244,9,330,3767,0
185,85,0,15-74,SysselsatteArb,2010,1632,232,42,387,1199,9,349,3850,0
186,85,0,15-74,SysselsatteArb,2011,1637,231,45,392,1154,12,353,3824,0
187,85,0,15-74,SysselsatteArb,2012,1721,222,33,406,1162,11,356,3911,0
188,85,0,15-74,SysselsatteArb,2013,1709,214,33,353,1197,12,369,3887,0
189,85,0,15-74,SysselsatteArb,2014,1733,225,35,353,1244,13,370,3973,0
190,85,0,15-74,SysselsatteArb,2015,1680,216,28,342,1197,10,377,3850,0
191,85,0,15-74,SysselsatteArb,2016,1764,221,34,338,1213,9,372,3951,0
192,85,0,15-74,SysselsatteArb,2017,1771,201,29,342,1257,13,378,3991,0
193,85,0,15-74,SysselsatteArb,2018,1743,209,26,348,1294,17,386,4023,0
194,85,0,15-74,SysselsatteArb,2019,1716,208,26,340,1318,12,370,3990,0
195,85,0,15-74,SysselsatteArb,2020,1720,215,23,345,1333,NA,385,NA,111
196,86-88,0,15-74,SysselsatteArb,2008,4812,522,74,833,2771,21,563,9596,0
197,86-88,0,15-74,SysselsatteArb,2009,4865,544,77,831,2885,24,577,9803,0
198,86-88,0,15-74,SysselsatteArb,2010,4952,546,84,810,2807,24,575,9798,0
199,86-88,0,15-74,SysselsatteArb,2011,5133,518,73,827,2950,24,599,10124,0
200,86-88,0,15-74,SysselsatteArb,2012,5040,474,97,818,2929,23,636,10017,0
201,86-88,0,15-74,SysselsatteArb,2013,5057,469,99,806,3002,21,662,10116,0
202,86-88,0,15-74,SysselsatteArb,2014,5096,510,100,842,3162,22,693,10425,0
203,86-88,0,15-74,SysselsatteArb,2015,5395,470,85,858,3151,23,694,10676,0
204,86-88,0,15-74,SysselsatteArb,2016,5416,470,76,802,3167,27,706,10664,0
205,86-88,0,15-74,SysselsatteArb,2017,5513,480,80,834,3197,24,704,10832,0
206,86-88,0,15-74,SysselsatteArb,2018,5567,452,76,834,3297,20,740,10986,0
207,86-88,0,15-74,SysselsatteArb,2019,5608,466,91,843,3280,20,742,11050,0
208,86-88,0,15-74,SysselsatteArb,2020,5713,473,82,844,3208,NA,730,NA,346
209,90-99,0,15-74,SysselsatteArb,2008,675,46,3,85,371,3,49,1232,0
210,90-99,0,15-74,SysselsatteArb,2009,627,75,3,84,404,3,51,1247,0
211,90-99,0,15-74,SysselsatteArb,2010,628,52,3,93,372,0,49,1197,0
212,90-99,0,15-74,SysselsatteArb,2011,636,56,3,91,384,3,46,1219,0
213,90-99,0,15-74,SysselsatteArb,2012,630,65,6,97,370,3,46,1217,0
214,90-99,0,15-74,SysselsatteArb,2013,650,69,6,100,371,3,50,1249,0
215,90-99,0,15-74,SysselsatteArb,2014,646,37,6,102,356,6,56,1209,0
216,90-99,0,15-74,SysselsatteArb,2015,658,43,6,96,416,3,61,1283,0
217,90-99,0,15-74,SysselsatteArb,2016,683,46,3,105,437,3,59,1336,0
218,90-99,0,15-74,SysselsatteArb,2017,740,46,3,108,426,6,58,1387,0
219,90-99,0,15-74,SysselsatteArb,2018,716,55,6,108,403,3,59,1350,0
220,90-99,0,15-74,SysselsatteArb,2019,703,55,9,129,409,3,55,1363,0
221,90-99,0,15-74,SysselsatteArb,2020,713,53,3,111,407,3,50,1340,34
222,00,0,15-74,SysselsatteArb,2008,74,10,3,19,97,0,20,223,0
223,00,0,15-74,SysselsatteArb,2009,82,9,0,22,94,0,17,224,0
224,00,0,15-74,SysselsatteArb,2010,93,18,3,28,101,0,32,275,0
225,00,0,15-74,SysselsatteArb,2011,80,12,3,24,88,0,19,226,0
226,00,0,15-74,SysselsatteArb,2012,81,11,6,27,95,0,17,237,0
227,00,0,15-74,SysselsatteArb,2013,76,11,3,22,103,0,20,235,0
228,00,0,15-74,SysselsatteArb,2014,75,10,6,23,96,0,16,226,0
229,00,0,15-74,SysselsatteArb,2015,126,28,3,64,165,3,44,433,0
230,00,0,15-74,SysselsatteArb,2016,123,21,6,56,165,3,43,417,0
231,00,0,15-74,SysselsatteArb,2017,124,23,3,47,158,3,40,398,0
232,00,0,15-74,SysselsatteArb,2018,114,16,3,41,139,0,38,351,0
233,00,0,15-74,SysselsatteArb,2019,100,15,3,38,129,3,35,323,0
234,00,0,15-74,SysselsatteArb,2020,90,NA,3,33,107,NA,31,NA,NA
