desc6,Kjonn,Alder,ContentsCode,Aar,Alle naeringer,"Jordbruk, skogbruk og fiske",Bergverksdrift og utvinning,Industri,"Elektrisitet, vann og renevasjon",Bygge- og anleggsvirksomhet,"Varehandel, reparasjon av motorvogner",Transport og lagring,Overnattings- og serveringsvriksomhet,Informasjon og kommunikasjon,Finansiering og forsikring ,"Teknisk tjenesteyting, eiendosmdrift",Forretningsmessig tjenesteyting,"Off.adm., forsvar, sosialforsikring",Undervisning,Helse- og sosialtjenester,Personlig tjenesteyting,Uoppgitt
0,0,15-74,Sysselsatte,2008,2525000,76821,43265,255945,25858,191147,375602,145973,81056,86913,50648,148059,130018,141252,194595,477707,88280,11861
0,0,15-74,Sysselsatte,2009,2497001,75205,44521,239608,26626,186377,364893,141337,78064,85327,49863,147268,119517,148997,196482,490091,91216,11609
0,0,15-74,Sysselsatte,2010,2517001,71822,52726,227141,27884,188530,364385,141458,79373,86514,49592,148668,120929,150926,200649,499678,92327,14399
0,0,15-74,Sysselsatte,2011,2562000,67727,56181,229316,28759,196672,365297,141028,82780,88249,49563,153879,128063,153866,203164,510242,94135,13079
0,0,15-74,Sysselsatte,2012,2588999,65446,61974,229225,28884,201869,363864,142411,83339,89862,48778,159045,133543,158019,203140,510780,95013,13807
0,0,15-74,Sysselsatte,2013,2619000,63820,65295,230923,29710,208336,363143,142428,85560,90748,48310,164148,132363,161024,205739,517266,96777,13410
0,0,15-74,Sysselsatte,2014,2650000,63508,66674,231796,29917,212565,364628,142525,89501,92268,47581,165762,133958,163622,208609,525388,98656,13042
0,0,15-74,Sysselsatte,2015,2597065,63362,60036,215641,29563,207626,348665,138099,85652,88398,46828,162007,120878,162497,209124,532317,99732,26640
0,0,15-74,Sysselsatte,2016,2613653,64006,53003,208207,30365,212962,349338,136962,89159,88381,45751,162173,125893,164962,213260,541367,102724,25140
0,0,15-74,Sysselsatte,2017,2647298,64243,53191,207192,30474,220042,350283,135422,92837,90231,45173,166248,131366,167163,217278,546855,105805,23495
0,0,15-74,Sysselsatte,2018,2683448,63273,54360,208829,31294,225954,350831,136390,94535,93830,45582,171296,135173,167902,220324,553158,108869,21848
0,0,15-74,Sysselsatte,2019,2710435,63102,58757,210776,32121,230154,347635,135787,96923,98871,46466,174695,133962,168294,223923,558015,110700,20254
0,0,15-74,Sysselsatte,2020,2681547,63723,58755,206842,32756,230249,343559,128648,80702,100975,47542,173248,126059,171733,225674,563028,108313,19741
0,0,55-66,Sysselsatte,2008,443277,19720,6313,45725,5976,27590,50083,28908,6114,10510,10449,27689,15766,32160,49675,87042,16045,3512
0,0,55-66,Sysselsatte,2009,449146,19360,6125,44360,6178,28049,49357,28904,6109,10741,10489,28574,15931,33192,50173,91252,16700,3652
0,0,55-66,Sysselsatte,2010,455646,17959,7763,42534,6374,28498,48767,29235,6044,11144,10451,28909,15980,34178,50989,95722,16705,4394
0,0,55-66,Sysselsatte,2011,464700,16793,8612,43186,6557,29457,48387,29628,6172,11218,10422,29634,16730,35406,51281,100233,16974,4010
0,0,55-66,Sysselsatte,2012,474412,16658,9710,44006,6698,30602,48512,30682,6293,11640,10520,30800,17627,35283,50935,102725,17549,4172
0,0,55-66,Sysselsatte,2013,480776,15753,10470,44601,6943,31834,48413,31001,6446,11893,10826,31407,17741,36138,50667,105057,17659,3927
0,0,55-66,Sysselsatte,2014,487505,15314,11326,45416,7092,33041,48577,31389,6641,12371,10674,31676,18275,36286,50401,107523,17821,3682
0,0,55-66,Sysselsatte,2015,480919,15822,11007,43215,7115,32508,46379,30690,6135,11646,10299,30680,17544,36265,49088,107698,17322,7506
0,0,55-66,Sysselsatte,2016,484446,15770,10717,42793,7404,33533,46624,31221,6247,11847,10270,30720,18186,36779,48493,109180,17686,6976
0,0,55-66,Sysselsatte,2017,490855,15707,11253,43352,7518,34795,47075,31623,6485,12198,10266,31252,19262,37285,47957,110241,18048,6538
0,0,55-66,Sysselsatte,2018,499571,15395,11878,44480,7771,36137,48346,32325,6867,12662,10621,32230,20440,37949,47275,110529,18722,5944
0,0,55-66,Sysselsatte,2019,509244,15332,12851,45507,8100,37631,49286,32926,7130,13376,11039,33202,20910,38503,47230,111392,19246,5583
0,0,55-66,Sysselsatte,2020,512879,15378,13448,46052,8401,38531,50120,32795,6485,13768,11460,33718,20585,39327,46827,111069,19509,5406
0,0,67-74,Sysselsatte,2008,51351,7806,160,3381,332,3370,5582,2830,885,728,402,5218,1770,1974,4530,8097,2758,1528
0,0,67-74,Sysselsatte,2009,54631,8025,197,3435,416,3517,6007,3097,930,791,452,5623,1778,2174,4628,8777,3028,1756
0,0,67-74,Sysselsatte,2010,57743,7288,263,3400,500,3629,6242,3450,958,900,480,6022,1855,2611,5451,9547,3229,1918
0,0,67-74,Sysselsatte,2011,62139,6962,331,3828,563,3881,6797,3928,1015,964,471,6592,2081,3091,5883,10431,3703,1618
0,0,67-74,Sysselsatte,2012,67981,9239,350,4087,583,4342,7533,4517,1088,1128,460,7449,2426,2841,5044,10357,3805,2732
0,0,67-74,Sysselsatte,2013,74668,9580,399,4381,649,5027,8118,5094,1150,1266,493,8499,2667,3198,5646,11357,4259,2885
0,0,67-74,Sysselsatte,2014,78659,9847,408,4585,707,5528,8262,5567,1217,1230,511,9159,2688,3404,6208,11907,4508,2923
0,0,67-74,Sysselsatte,2015,74730,9433,289,3710,521,4840,6778,5034,1062,896,303,8025,2247,3029,4946,12485,3968,7164
0,0,67-74,Sysselsatte,2016,77479,9705,287,3770,534,5207,6926,5229,1117,947,345,8621,2301,3084,5107,13189,4116,6994
0,0,67-74,Sysselsatte,2017,79498,9785,314,4029,561,5504,7017,5458,1115,1083,389,8902,2415,3103,5136,13531,4499,6657
0,0,67-74,Sysselsatte,2018,81105,9352,369,4311,601,5853,7058,5784,1101,1209,415,9082,2510,3051,5224,14118,4727,6340
0,0,67-74,Sysselsatte,2019,82406,9177,488,4535,642,6147,6957,6033,1140,1360,436,9300,2659,3085,5241,14455,5013,5738
0,0,67-74,Sysselsatte,2020,80286,9443,524,4486,585,6234,6535,5847,1041,1421,430,9466,2436,2835,4650,13846,4820,5687
